TSLA
               High       Low      Open     Close    Volume  Adj Close
High       1.000000  0.998717  0.999113  0.998815 -0.593707   0.998815
Low        0.998717  1.000000  0.998694  0.998948 -0.611325   0.998948
Open       0.999113  0.998694  1.000000  0.997401 -0.602012   0.997401
Close      0.998815  0.998948  0.997401  1.000000 -0.600877   1.000000
Volume    -0.593707 -0.611325 -0.602012 -0.600877  1.000000  -0.600877
Adj Close  0.998815  0.998948  0.997401  1.000000 -0.600877   1.000000
AAPL
               High       Low      Open     Close    Volume  Adj Close
High       1.000000  0.998934  0.999272  0.999040 -0.465484   0.999027
Low        0.998934  1.000000  0.999053  0.999087 -0.491712   0.999031
Open       0.999272  0.999053  1.000000  0.997990 -0.476459   0.997941
Close      0.999040  0.999087  0.997990  1.000000 -0.479398   0.999952
Volume    -0.465484 -0.491712 -0.476459 -0.479398  1.000000  -0.480087
Adj Close  0.999027  0.999031  0.997941  0.999952 -0.480087   1.000000
